0.155272
2.49963
0.152496
2.90836
0.160316
-1.88937
0.156905
-1.11786
0.160348
-1.77904
0.162779
-2.20706
0.162763
-0.212375
0.165988
-4.27851
0.162027
-2.3712
0.156922
3.49288
0.166
-4.99541
0.157004
-6.3901
0.158012
-5.03645
0.15971
-1.7527
0.162628
-2.28701
0.154561
-6.05649
0.164146
-2.95525
0.155628
2.96298
0.172125
3.67847
0.152971
-1.10843
-1
-1
-1
-1
-1
-1
-1
-1
0.163261
3.96252
0.163027
-10.9897
0.16361
8.48749
0.164903
6.46945
0.164746
-4.80628
0.168519
-8.75622
0.15318
-0.763888
0.153714
-2.1162
0.154697
-5.18042
0.161219
-2.20251
0.166065
-4.44134
0.159433
-2.40242
-1
-1
-1
-1
-1
-1
-1
-1
0.160062
-6.15293
0.161471
5.42751
0.160351
-1.45639
0.163443
1.51039
0.160556
-1.94033
0.158814
-1.3893
0.160649
0.380306
0.161545
0.300479
0.161183
-6.56753
0.160671
-7.43954
0.130134
-2.03947
0.15845
-7.54136
0.16382
2.9016
0.164121
5.3765
0.160336
-3.67351
0.157605
-5.30526
0.167827
-8.74526
0.154605
3.25
0.168663
-2.31185
0.166259
-1.5018
0.156649
-7.73394
0.163792
-5.30942
0.162528
-3.31721
0.162064
-5.31952
