121.77 0.0008
244.698 0.0008
344.279 0.0012
443.96 0.0012
778.904 0.0024
964.082 0.018
1112.08 0.003
1408.01 0.003
1771.36 0.0039
2034.71 0.0047
2598.5 0.004
3253.5 0.0044
1173.24 0.003
1332.51 0.004
780.74 0.0414135
1568.25 0.0474691
2211.05 0.0250733
2850 0.0959131
5000.49 0.0608383
6189.69 0.067171
7140.8 0.0756892
9043.38 0.076248
11371.2 0.136372
13062.2 0.218768
16684 0.260904
20900 0.550102
7533.67 0.0693121
8559.4 0.0778166
797.41 0.0435046
1600.67 0.0476364
2250.29 0.025337
2903.39 0.097151
5094.49 0.0600029
6303.75 0.065383
7272.87 0.0752751
9207.24 0.0728591
11573.8 0.114969
13294 0.207215
16981.4 0.339046
21279.5 0.400017
7673.48 0.0654324
8713.44 0.0754111
761.419 0.0500351
1528.65 0.0490422
2148.88 0.0255782
2772.2 0.104033
4863.07 0.0632822
6019.32 0.0661353
6942.73 0.0763802
8790.59 0.0792026
11047.5 0.121905
12691 0.218897
16208.2 0.21146
20296.3 0.566352
7326.06 0.0684304
8320.11 0.0757682
777.989 0.0422949
1560.28 0.0464127
2194.82 0.0246729
2829.94 0.0965094
4964.1 0.0593979
6143.34 0.0633569
7087.43 0.0747669
8973.11 0.0747111
11279.1 0.114798
12956.7 0.197671
16546.7 0.188008
20719.9 0.396868
7478.5 0.0659147
8492.87 0.0776062
761.038 0.0460279
1527.91 0.0462599
2147.64 0.0242137
2771.12 0.0979017
4861.1 0.0571494
6016.15 0.0621767
6939.64 0.0742066
8785.82 0.0756847
11045.6 0.816504
12688.4 0.994986
16199.8 2.62416
20291.1 2.27395
7322.49 0.066816
8315.93 0.0768499
750.363 0.0480849
1504.2 0.0481375
2115.16 0.0250066
2729.68 0.10019
4787.86 0.0602172
5923.91 0.0648369
6834.68 0.0778059
8652.1 0.0810879
10882.8 0.824486
12495.4 1.18973
15963.5 1.15577
19990.6 1.64067
7215.48 0.0685724
8193.12 0.0821957
749.78 0.0519515
1504.34 0.0492979
2114.04 0.0260216
2726.65 0.103433
4782.39 0.0604253
5919.23 0.065778
6827.49 0.07631
8643.29 0.0792838
10862.2 0.436613
12476.4 1.14039
15936.1 1.36627
19957.1 1.22476
7203.62 0.0689054
8181.38 0.0803486
740.995 0.0472964
1481.31 0.045983
2085.05 0.0252134
2685.85 0.0961095
4706.53 0.0579623
5822.42 0.0631965
6718.4 0.0724029
8504.1 0.0786875
10687.8 0.576111
12274.3 1.54174
15674.7 0.798419
19639.5 1.07215
7087.65 0.0649948
8047.4 0.0714087
755.094 0.0457509
1513.03 0.0496125
2131.14 0.0264768
2746.73 0.100528
4816.04 0.0589294
5958.36 0.0626256
6875.89 0.0741086
8704.86 0.0681647
10942.3 0.500848
12569.9 0.739164
16051.4 0.658757
20100.3 1.0064
7254.2 0.0619418
8237.33 0.068542
774.314 0.0505596
1552.7 0.0507192
2187.37 0.0267152
2820.44 0.104849
4947.14 0.0629955
6122.26 0.0661827
7064.34 0.0762956
8942.78 0.0790193
11243.5 0.641088
12928.3 24.7305
16499.1 1.9079
20719 16.9999
7453.35 0.0680544
8464.12 0.0793462
741.141 0.0510537
1480.77 0.0466809
2079.23 0.0246275
2685.22 0.0953106
4702.98 0.0553039
5817.47 0.0589336
6710.87 0.0698039
8494.22 0.0687401
10680.2 0.557788
12265.7 1.167
15661.6 0.70217
19628.9 15.041
7092.29 0.0614869
8051.98 0.0717022
782.33 0.0428793
1568.6 0.0477018
2205.81 0.0251906
2842.48 0.0960038
4985.78 0.0575392
6169.85 0.0616178
7116.43 0.0714692
9009.56 0.0719151
11325.7 0.513047
13011.9 0.0665033
16614.3 0.705703
20796.7 23.419
7508.5 0.064196
8526.78 0.0712112
775.073 0.0387026
1553.85 0.0427264
2184.83 0.0234047
2821.37 0.0871127
4946.99 0.0553169
6120.42 0.0579969
7062.4 0.0664865
8941.97 0.0646287
11243.6 0.0940459
12914.3 0.147681
16493.5 0.145557
20653 0.296159
7451.96 0.059882
8461.31 0.0639123
763.792 0.0453675
1533.52 0.0462587
2155.51 0.0247769
2782.55 0.0914319
4881.2 0.0569981
6040.13 0.0604096
6968.52 0.0715869
8822.13 0.0724972
11091.9 0.106426
12741.2 0.170407
16273.5 0.157121
20377.1 0.299401
7352.67 0.0612748
8349.43 0.0693154
752.125 0.0430226
1508.02 0.0457986
2119.37 0.0242333
2735.35 0.0839036
4796.81 0.053988
5935.02 0.0591966
6846.95 0.0695107
8667.35 0.0665712
10895.4 0.100904
12515.7 0.177318
15984.9 0.15092
20015.8 0.323655
7224.72 0.0623064
8203.75 0.0685606
792.67 0.059885
1591.67 0.0534711
2237.26 0.0281422
2885.95 0.116029
5061.69 0.067644
6264.53 0.0709295
7226.68 0.0821
9149.12 0.0792149
11502.8 0.121797
13212.7 0.199007
16874.6 0.171813
21130.8 0.601352
7625.13 0.0736371
8659.36 0.0839762
745.139 0.0493831
1493.43 0.0446508
2100.69 0.0237203
2710.85 0.0887279
4753.92 0.0529342
5881.34 0.0570147
6785.92 0.06613
8590.54 0.0668269
10800.7 0.0891816
12406.7 0.157806
15844.7 0.145788
19842.9 0.32056
7160.03 0.0604205
8130.23 0.0667228
783.955 0.0438922
1569.64 0.0489197
2206.22 0.0262781
2847.37 0.0971452
4991.7 0.0596425
6175.28 0.0653861
7126.06 0.0758795
9021.14 0.0753244
11338.8 0.108552
13023.8 0.193094
16637.2 0.361011
20849.7 0.44902
7518.69 0.0673445
8537.35 0.0765245
705.681 0.0593911
1417.77 0.0451347
1993.86 0.0235063
2570.21 0.0906685
4509.38 0.0531048
5581.75 0.055112
6437.92 0.0638002
8152.43 0.0613093
10251.4 0.0868924
11776 0.14864
15038.3 0.219592
18840.6 0.677157
6792.21 0.0550976
7716.04 0.0634738
794.798 0.0373635
1600.74 0.0506099
2250.59 0.0266201
2900.99 0.0987883
5091.17 0.0621953
6303.76 0.0683445
7269.35 0.0785782
9203.78 0.0813456
11571.6 0.109222
13292.9 0.199391
16977.7 0.181554
21262.6 0.309174
7671.76 0.0707468
8712.45 0.0796346
-1 -1
-1 -1
-1 -1
-1 -1
-1 -1
-1 -1
-1 -1
-1 -1
0 0
0 0
0 0
0 0
0 0
0 0
-1 -1
-1 -1
-1 -1
-1 -1
-1 -1
-1 -1
-1 -1
-1 -1
4.68283e-310 4.68283e-310
1.85963e-289 0
-3.50057e+73 4.68303e-310
-nan 0
-5.72775e+250 5.53354e-322
4.68283e-310 4.68283e-310
-1 -1
-1 -1
-1 -1
-1 -1
-1 -1
-1 -1
-1 -1
-1 -1
4.68283e-310 4.68283e-310
4.68283e-310 -2.664e-254
4.68283e-310 2.94446e+99
4.68283e-310 -2.03507e-243
4.68283e-310 1.47257e+99
4.68283e-310 4.68283e-310
-1 -1
-1 -1
-1 -1
-1 -1
-1 -1
-1 -1
-1 -1
-1 -1
4.68283e-310 4.68283e-310
4.68283e-310 8.50884e+291
4.94066e-324 -6.07155e-264
0 2.47863e-319
4.68283e-310 4.68283e-310
4.68283e-310 4.68283e-310
743.325 0.0750489
1494.85 0.0691432
2101.44 0.0370427
2707.89 0.136005
4750.64 0.0924627
5881.83 0.0974196
6783.26 0.129669
8589.25 0.137137
10804.4 1.08894
12405.4 1.25156
15857 2.05991
19928.6 0.906327
7156.31 0.120661
8130.37 0.136699
844.745 3.69935
1547.82 23.1059
2142.5 0.302592
2748.17 0.594349
4816.52 0.180407
5960.12 0.176105
6879.45 0.171131
8711.68 0.178486
10953 2.85433
12579.8 2.85437
16032.2 1.53269
20064.4 3.47809
7258.33 0.156156
8242.18 0.189209
732.378 0.636023
1482.94 0.146523
2088.94 0.0671529
2694.04 0.152302
4725.58 0.0939574
5847.3 0.114931
6747.46 0.132454
8544.81 0.155685
10743.2 0.809133
12346.1 2.50337
15863.2 0.586192
19863.5 0.731199
7118.39 0.129871
8085.53 0.155982
735.63 0.117788
1474.99 0.0741138
2075.49 0.0384504
2677.06 0.137304
4697.28 0.0981958
5811.99 0.114353
6706 0.152576
8490.02 0.145713
10675.6 3.13531
12264.9 1.37618
15734.9 2.56071
19712.1 2.5585
7074.95 0.133056
8034.12 0.163077
745.989 0.0747127
1492.25 0.0680257
2095.22 0.0359014
2706.62 0.137743
4744.17 0.0896512
5868.85 0.104355
6770.26 0.118699
8568.88 0.135046
10771.3 0.871868
12370.9 1.2171
15797.8 0.966124
19767.9 0.589228
7145.61 0.115293
8112.33 0.15894
807.628 23.0517
1464.44 0.203782
2057.45 0.110148
2655.39 0.15988
4653.64 0.099759
5757.14 0.107066
6641.72 0.150892
8407.32 0.162599
10572.1 0.84489
12126 0.862851
15500.9 1.02604
19323 21.2826
7008.76 0.130088
7957.83 0.169104
796.595 0.0836098
1597.5 0.0888485
2248.59 0.0450087
2898.79 0.164033
5083.89 0.108831
6289.93 0.129036
7258.81 0.150246
9191.17 0.185938
11548.7 21.8013
13270.5 2.01209
16953.8 2.32897
21216.8 21.8773
7658.69 0.15661
8697.65 0.177688
794.859 0.0710184
1594.61 0.0775953
2243.12 0.0411676
2892.16 0.158769
5071.28 0.101472
6275.27 0.141601
7241.08 0.155772
9167.29 0.171489
11529 1.23381
13231.5 1.33303
16901.8 0.965544
21154.8 2.12721
7640.31 0.149135
8676.56 0.174021
790.861 0.0359338
1586.22 0.0556996
2235.09 0.0292084
2881.42 0.113744
5052.94 0.0689617
6251.96 0.0767661
7214.94 0.0906527
9135.64 0.0984193
11485.8 0.6455
13195.1 1.11188
16850.1 0.876913
21084.5 1.93667
7612.26 0.0777
8646.46 0.0951866
758.934 0.0343613
1521.62 0.0519466
2142.52 0.0274676
2760.26 0.108061
4839.48 0.0585344
5987.76 0.0630103
6908.91 0.0725922
8747.19 0.0674583
10996.8 0.504997
12630.2 1.01787
16131.1 0.797846
20193.5 1.49202
7289.61 0.0638036
8277.78 0.0732357
736.438 0.0371209
1477.03 0.0513396
2080.07 0.0263765
2682.47 0.102311
4705.9 0.0599773
5822.3 0.0603209
6718.46 0.070169
8504.04 0.0690314
10693 0.786515
12282.4 0.924357
15685.4 0.817559
19639 1.67471
7088.57 0.0624624
8048.62 0.0701938
765.261 0.0331485
1535.24 0.0485109
2163.14 0.0260063
2788.47 0.103469
4891.32 0.0596527
6051.23 0.0642834
6983.71 0.0722807
8842.97 0.0770853
11118.7 0.615544
12772 23.1991
16307.8 1.14477
20421.7 1.56125
7368.43 0.0645125
8368.1 0.0719652
-1 -1
-1 -1
-1 -1
-1 -1
-1 -1
-1 -1
-1 -1
-1 -1
4.68283e-310 4.68283e-310
4.94066e-324 0
4.68282e-310 2.43814e-152
0 0
0 0
6.90391e-310 4.68283e-310
-1 -1
-1 -1
-1 -1
-1 -1
-1 -1
-1 -1
-1 -1
-1 -1
0 4.68283e-310
0 0
9.86246e-154 4.81434e+199
0 0
0 0
1.16291e-153 4.68283e-310
-1 -1
-1 -1
-1 -1
-1 -1
-1 -1
-1 -1
-1 -1
-1 -1
0 4.68283e-310
0 0
6.4419e+170 0
0 0
0 0
3.52853e-258 4.68283e-310
-1 -1
-1 -1
-1 -1
-1 -1
-1 -1
-1 -1
-1 -1
-1 -1
0 4.68283e-310
0 0
0 0
0 0
0 0
0 4.68283e-310
764.506 0.0629557
1536.59 0.049113
2160.38 0.0258118
2785.81 0.0972461
4887.5 0.0608078
6050.08 0.0662002
6978.06 0.0760653
8835.2 0.0749023
11107.2 0.115177
12759.3 0.193021
16295.1 0.182473
20405 0.480998
7362.24 0.06964
8362.45 0.0764409
750.251 0.0392155
1505.74 0.0500173
2122.09 0.0264176
2736.32 0.10111
4799.84 0.0589877
5938.66 0.0637931
6853.43 0.0729568
8678.46 0.0736879
10911.1 0.108789
12533.3 0.21117
16022.3 0.257315
20153 1.31538
7231.37 0.0636872
8213.12 0.0732591
759.527 0.0540443
1525.02 0.054381
2148.94 0.0265734
2770.42 0.102657
4859.47 0.061013
6012.89 0.0681534
6939.22 0.0769881
8783.67 0.0800394
11044.8 0.115636
12686.5 0.181691
16202.6 0.187261
20285 0.357832
7321.3 0.0679817
8314.23 0.0770843
740.491 0.044711
1492.95 0.0450951
2101.66 0.0240633
2709.83 0.095773
4755.99 0.0555562
5885.72 0.0598942
6790.94 0.0680506
8597.77 0.0665407
10806.9 0.100736
12413 0.168368
15854.2 0.188031
19859.6 0.471861
7163.29 0.0594282
8137.01 0.0655844
762.715 0.0400573
1527.65 0.0414085
2150.39 0.0232313
2771.08 0.0814672
4859.63 0.050399
6012.2 0.0551628
6936.98 0.065208
8782.25 0.0667757
11040.6 0.0926054
12681 0.16959
16195.3 0.153914
20279.1 0.345607
7318.8 0.0572248
8310.35 0.0660412
769.735 0.0528962
1543.85 0.0523543
2168.58 0.027229
2798.66 0.0998182
4907.2 0.0621896
6072.82 0.0671084
7005.66 0.0798537
8869.71 0.0787234
11150.3 0.115522
12808.8 0.18382
16358 0.174054
20484 0.358261
7391.87 0.0662776
8394.03 0.0775652
759.93 0.0540702
1524.46 0.052185
2141.47 0.0264229
2762.15 0.10403
4843.46 0.0592115
5994.88 0.0635125
6914.38 0.0747992
8754.25 0.0751664
11013 0.139566
12651.4 0.239845
16157 0.241593
20235.7 0.469018
7295.55 0.0616742
8285.69 0.0679267
754.061 0.0393575
1515.43 0.0430415
2130.2 0.0234385
2745.13 0.0891835
4815.59 0.0555584
5962.75 0.0612677
6876.29 0.0738559
8707.2 0.0769088
10947.6 0.107649
12576.3 0.180794
16060.4 0.179707
20110.5 0.346265
7255.78 0.0667951
8242.11 0.0748581
760.434 0.0870767
1526.05 0.0596822
2144.43 0.0290676
2767.71 0.116012
4855.57 0.0550805
6009.44 0.0714158
6931.97 0.0710373
8775.83 0.0855096
11032.8 0.105853
12673.4 0.178872
16186 0.175326
20263.8 0.651825
7314.65 0.0721322
8306.55 0.0810253
764.224 0.333987
1531.39 0.0836825
2153.83 0.0277352
2778.43 0.102442
4874.65 0.0585718
6032.09 0.0639435
6958.41 0.0763821
8810.78 0.0759612
11075.5 0.117859
12724 0.188871
16249.2 0.195533
20331.4 0.447086
7342.14 0.0696162
8338.89 0.0790194
937.037 0.0456963
1880.5 0.0713312
2648.22 0.0394571
3414.14 0.152117
5987.94 0.0962344
7413.64 0.0998203
8552.25 0.118273
10828.5 0.122572
13615.7 0.153117
15640.6 0.286042
19976.8 0.246794
25012.1 0.38453
9023.35 0.111856
10247.7 0.116837
775.698 0.425077
1553.77 0.149129
2185.01 0.03477
2818.74 0.103799
4942.91 0.061823
6115.8 0.0710315
7056.51 0.0828926
8935.67 0.0870354
11233.5 0.120171
12903.3 0.200779
16478.8 0.171334
20612.6 0.521981
7445.42 0.0754352
8456.26 0.0826608
743.06 0.295506
1491.76 0.0485963
2095.39 0.0252366
2703.06 0.0972796
4740.6 0.0597209
5870.32 0.0641642
6768.94 0.0728657
8570.27 0.0719544
10775.2 0.708026
12377.3 0.92482
15810.2 1.33427
19816.4 23.2542
7143.12 0.0653499
8113.2 0.0694366
739.066 0.0550466
1484.34 0.0503064
2087.59 0.0268308
2691.43 0.10175
4722.61 0.0600107
5846.28 0.0648377
6742.84 0.0752397
8538.83 0.0715609
10734.3 0.733851
12330.4 2.20465
15827.5 0.488825
19755 21.2941
7114.97 0.0663915
8081.82 0.0731144
766.645 0.0310398
1533.11 0.0477249
2154.29 0.024314
2780.9 0.0957763
4874.04 0.0552246
6028.46 0.0591293
6955.77 0.0695543
8804.18 0.0704215
11067.9 0.425585
12711.4 0.597978
16236.1 0.783628
20331.5 1.44543
7338.94 0.0604561
8332.29 0.0676359
778.05 0.0400239
1561.01 0.0551292
2193.54 0.0282469
2829.32 0.113574
4961.97 0.0639399
6140.63 0.0685668
7083.39 0.0794624
8968.86 0.0811136
11274.5 0.548928
12948.5 0.747929
16536.4 0.780606
20708.2 21.2944
7473.8 0.0735295
8486.89 0.0832418
810.55 0.870736
1471.24 0.244893
2065.21 0.131276
2664.28 0.0987166
4671.94 0.0621019
5781.69 0.0677147
6668.15 0.0853203
8441.1 0.085578
10611.7 0.863558
12190 1.35852
15571.4 1.04865
19459.4 7.84938
7035.93 0.0593953
7990.88 0.0850437
787.12 0.0476692
1578.69 0.046223
2219.42 0.0258985
2864.2 0.101765
5022.72 0.0620695
6214.92 0.064956
7171.41 0.0781101
9081.32 0.0827363
11416.1 0.642871
13117.2 0.891861
16748.2 2.14123
20983.5 2.09119
7566.72 0.0688981
8593.01 0.0783424
725.136 0.0452754
1452.61 0.0441966
2042.68 0.0234947
2636.91 0.0930528
4624.46 0.0564243
5721.14 0.0599476
6600.02 0.0712749
8355.01 0.0710091
10504.8 0.574962
12068.3 0.710416
15407.5 0.682608
19305.4 1.44279
6964.81 0.0620497
7908.33 0.0704813
734.977 0.0490289
1473.79 0.0475362
2070.95 0.024766
2673.1 0.0956481
4687.2 0.055845
5800.16 0.0623503
6689.95 0.0728188
8469.76 0.0688955
10652.1 0.795105
12234.4 0.918325
15624.9 1.02107
19553.9 0.705022
7060.33 0.0634874
8017.96 0.0724447
863.233 24.1513
1572.74 0.195687
2209.79 0.0968139
2850.66 0.109824
5000.13 0.0627586
6188.12 0.0691201
7138.81 0.0788669
9039.25 0.0805103
11364.2 0.116887
13054.2 0.193486
16671.7 0.203009
20858.7 0.396777
7533.11 0.0730492
8554.3 0.0824149
749.736 0.0469763
1501.73 0.046984
2110.42 0.0251932
2722.8 0.0972439
4775.01 0.0570598
5908.32 0.0608694
6815.5 0.0698286
8627.91 0.0728076
10846.5 0.0944017
12459.5 0.153478
15912.3 0.144023
19922.8 0.309173
7191.61 0.0618128
8166.34 0.0721038
754.013 0.0492292
1510.72 0.0450823
2123.34 0.0247168
2739.31 0.096854
4802.74 0.0558825
5943.66 0.0591345
6856.04 0.0704585
8678.54 0.07089
10910.8 0.0974847
12533.8 0.146722
16007.1 0.15451
20043.2 0.356685
7234.44 0.0607228
8214.94 0.0676274
758.185 0.0550502
1518.84 0.0511662
2132.7 0.0269958
2752.55 0.0998123
4825.43 0.0583759
5970.97 0.0613353
6887.35 0.0748523
8718.73 0.0709995
10959.5 0.10881
12589.2 0.175494
16077.4 0.21305
20131.2 0.349058
7267.14 0.0657904
8252.13 0.0728546
