0 9.3984 0 8.77454 
1 6.24956 1 8.12439 
2 7.23493 2 6.668 
3 8.25409 3 9.27125 
4 7.96673 4 8.12848 
5 8.54769 5 9.2749 
6 8.39023 6 9.18075 
7 8.32514 7 8.25254 
8 5.70324 8 6.12803 
9 6.24865 9 8.06854 
10 8.01484 10 8.02322 
11 7.64222 11 6.59636 
12 7.37673 12 6.60108 
13 7.70111 13 7.2069 
14 6.43663 14 6.79309 
15 6.64634 15 7.97226 
16 7.79153 16 7.67012 
17 6.29228 17 8.15714 
18 5.9432 18 6.83992 
19 8.15434 19 8.54819 
24 9.97004 24 11.5215 
25 15 25 13.7609 
26 8.04286 26 11.2581 
27 8.16991 27 11.8189 
28 9.06572 28 9.29587 
29 8.83382 29 8.46773 
30 10.0662 30 11.054 
31 10.7621 31 11.168 
32 8.60902 32 6.96324 
33 6.10525 33 6.17635 
34 6.27274 34 6.02623 
35 8.12875 35 7.62137 
40 6.17853 40 9.08492 
41 5.71497 41 7.93156 
42 7.82789 42 7.29716 
43 8.07153 43 8.22281 
44 5.82692 44 5.67438 
45 7.26692 45 8.43895 
46 7.67472 46 8.58918 
47 7.66914 47 7.99969 
48 7.74553 48 6.59207 
49 8.79248 49 6.9163 
50 11.8217 50 11.554 
51 9.4814 51 6.58612 
52 5.96751 52 6.90418 
53 5.9402 53 7.07796 
54 6.0921 54 5.96217 
55 6.93948 55 6.3411 
56 9.66066 56 7.4938 
57 6.20886 57 8.12999 
58 8.34169 58 7.50696 
59 7.90545 59 8.59243 
60 6.38121 60 8.75165 
61 6.92229 61 6.72723 
62 7.30465 62 6.92024 
63 7.14872 63 6.28419 
